[01 : 0]   
[02 : 0]   
[03 : 3]  172027   : 	000101  110010 0000 0010 0111   
[04 : 4]  4B100000 : 	010010  110001 0000 0000 0000  0000 0000  
[05 : 3]  032023   : 	000000  110010 0000 0010 0011   
[06 : 3]  290000   : 	001010  010000 0000 0000 0000   
[07 : 3]  332007   : 	001100  110010 0000 0000 0111   
[08 : 4]  4B100000 : 	010010  110001 0000 0000 0000  0000 0000  
[09 : 3]  3F2FEC   : 	001111  110010 1111 1110 1100   
[10 : 3]  032016   : 	000000  110010 0000 0001 0110   
[11 : 3]  0F2016   : 	000011  110010 0000 0001 0110   
[12 : 3]  010003   : 	000000  010000 0000 0000 0011   
[13 : 3]  0F200A   : 	000011  110010 0000 0000 1010   
[14 : 4]  4B100000 : 	010010  110001 0000 0000 0000  0000 0000  
[15 : 3]  3E2000   : 	001111  100010 0000 0000 0000   
[16 : 0]   
[17 : 0]   
[18 : 0]   
[19 : 0]   
[20 : 0]   
[21 : 0]   
[22 : 0]   
[23 : 0]   
[24 : 2]  B410     : 	10110100 0001 0000
[25 : 2]  B400     : 	10110100 0000 0000
[26 : 2]  B440     : 	10110100 0100 0000
[27 : 3]  77201F   : 	011101  110010 0000 0001 1111   
[28 : 3]  E3201B   : 	111000  110010 0000 0001 1011   
[29 : 3]  332FFA   : 	001100  110010 1111 1111 1010   
[30 : 3]  DB2015   : 	110110  110010 0000 0001 0101   
[31 : 2]  A004     : 	10100000 0000 0100
[32 : 3]  332009   : 	001100  110010 0000 0000 1001   
[33 : 4]  57900000 : 	010101  111001 0000 0000 0000  0000 0000  
[34 : 2]  B850     : 	10111000 0101 0000
[35 : 3]  3B2FE9   : 	001110  110010 1111 1110 1001   
[36 : 4]  13100000 : 	000100  110001 0000 0000 0000  0000 0000  
[37 : 3]  4F0000   : 	010011  110000 0000 0000 0000   
[38 : 0]  F1       : 	11110001
[39 : 0]   
[40 : 0]   
[41 : 0]   
[42 : 2]  B410     : 	10110100 0001 0000
[43 : 4]  77100000 : 	011101  110001 0000 0000 0000  0000 0000  
[44 : 3]  E32013   : 	111000  110010 0000 0001 0011   
[45 : 3]  332FFA   : 	001100  110010 1111 1111 1010   
[46 : 4]  53900000 : 	010100  111001 0000 0000 0000  0000 0000  
[47 : 3]  DF2009   : 	110111  110010 0000 0000 1001   
[48 : 2]  B850     : 	10111000 0101 0000
[49 : 3]  3B2FEE   : 	001110  110010 1111 1110 1110   
[50 : 3]  4F0000   : 	010011  110000 0000 0000 0000   
